[-423.1356909420225, -437.5003571672556]
[40.091585591598495, -10.207834134250252]
[-38.203657251339095, -14.057756229241132]
[4.052354991530487, 5.836078686434531]
[-11.876835083173354, 9.73037319187339]
[-8.894008427907682, -5.216487215215522]
[6.090375224458203, -7.422936286403223]
[4.174090443322592, 9.444136217069584]
[-10.882219091163405, 9.491229963055762]
[-5.570555168932217, -6.927020559890916]
[2.366276208746512, 11.104695450704655]
[-9.586039775653799, 4.841875480298294]
[-12.94063386121421, 1.2803133318936761]
[-3.3980685927209846, 5.207554957458666]
[0.46840344583260807, -1.6653041983817136]
[1.2768337367719549, 13.446226442871305]
[-6.2825053865052505, 1.809505398092391]
[-1.0925224568554657, 6.234783626727383]
[6.896139536387961, 0.6292049625828137]
[2.6719648579168758, 11.379616713419145]
[5.239775359736324, 4.021531451536514]
[-0.9788044059657236, 7.10447190493137]
[2.2104134851999753, 13.39855050689644]
[5.08334831020182, 8.904803044396385]
[0.45976928164675945, 6.899983551828689]
[3.2530883613952133, 3.649852749574542]
[-2.0446205232493875, 2.5170291421325617]
[1.5553520251653215, 0.07966517241556914]
[-2.5026400185448066, 2.109222168046635]
[-0.3848241567865053, 1.2551544517915816]
[-0.7116124047223762, -4.011537142520735]
[3.0419495927838445, 1.2492445079402859]
[-3.961682268493896, 5.914628227069696]
[6.453469192060753, -4.847009932380012]
[-0.9352947641960916, -1.8311974412351337]
[-3.5075074806501454, -3.052237064232535]
[-1.422963799757835, -5.255048986154731]
[-2.0641003020342295, -0.31508959697681677]
[3.4057349003980932, -0.7438966672910249]
[-3.1061534808490134, 0.06499571279510194]
[-0.5934547916848726, 3.349781033432318]
[1.150283098732155, -1.1417374581744193]
[2.125970747069945, 4.05550642120582]
[0.34439141162833753, 2.203489741702202]
[-2.326445846991106, -3.6068576129894176]
[-0.7726421111400933, -3.5583225331571176]
[0.05317099159539373, 1.556221755191314]
[1.5925796535745003, 8.829425579093721]
[1.6157555130249024, -1.0662632567895614]
[4.236190993152766, -0.10485069192684232]
[-1.4281064459369635, 5.59902677217143]
[3.5954386366461635, -0.07515291782247076]
[-5.688268775697648, 1.1704109352712415]
[4.239213274262518, 3.5098662440806483]
[0.8280898978931404, -1.6023406507220759]
[0.4482694577793873, 1.413668039764722]
[-0.39640534758023477, 1.8816427514607135]
[5.454376528244291, 2.0462342252941124]
[-3.6477667098585504, 0.0087438669798462]
[4.052891163005286, -1.4474046528900986]
[0.37932527944313965, -1.5124041611922243]
[4.933911277448381, -0.5833744861928627]
[-1.3838932368882788, -2.213389985888993]
[-0.5263603854371999, -3.78276337289635]
[2.6712070832148567, -0.07579822524456394]
[1.4315641649019057, 3.0586531861653485]
[1.829068992982905, 0.11865540875052401]
[1.9550375135503324, 3.155307549743194]
[-3.798602563737344, 1.1274451459022217]
[2.7338127854604055, 0.11691202808684945]
[-0.4062770489014421, -2.265989813633843]
[0.7460392549928394, 0.2535450768680818]
[2.1882758315085615, 1.2313781036433633]
[-1.0408231963582109, 0.7933272214906926]
[1.9643185612327614, 0.017748097795667456]
[-1.081290801111763, 1.525392456949221]
[0.5258282365552104, 0.41873259973199284]
[0.20034928750015726, 2.8640296548775668]
[0.11293774721411196, 3.901531198178588]
[0.3670005762609284, -1.8996983142016413]
[0.120073265344914, -0.08389466785966504]
[0.21155592362981987, 1.086228153059486]
[0.7372530972504329, 3.0355930998946685]
[-1.6624047719329764, -1.5537495383912976]
[0.8930999368425773, 2.1930926952485446]
[2.3683391376598673, 2.2607910289297672]
[-0.3612061077015831, 2.5459905924565462]
[-2.283055163380755, 0.028331588491855752]
[1.10989663908199, -0.40225432914708714]
[0.027397744632440282, -0.6987064315130375]
[2.89054758619075, -0.39039485750778735]
[-1.1977519029306092, -0.29716647820909237]
[0.9880293947790597, 2.7814637982242534]
[-0.9610794419477107, -1.5434311184515168]
[5.388867683253295, 1.3004645896320253]
[-0.9696108248257874, -1.417870177397625]
[-1.1097564675908584, 2.526609844605054]
[0.8717127246623612, -0.34031272305465937]
[1.5111587630821415, 0.951031876893705]
[-2.498989772163693, -1.2716776206623084]
[-0.48313782916041254, -2.785508531673567]
[1.351684157637987, -0.020008485656710248]
[1.7944894037212968, 4.792083104268663]
[0.7462729877803365, -2.9226044315067283]
[0.8414724318277766, -2.761444297535776]
[1.1535901365846417, 0.30713321365278096]
[1.7779247696380784, -0.727207653649573]
[-2.523914683697933, -2.166346893635822]
[-0.8587688146215506, -1.6206928979200512]
[-0.9154538629212827, -1.8793280279483453]
[2.702176737096272, -1.7164259254548366]
[-2.4695554511421256, -0.7607275931797813]
[0.09093369347617752, -1.7254249949272025]
[-0.19808549660106628, -1.2423785373133502]
[1.254598121101261, 0.33536278697104155]
[-1.0620066705661182, -1.5460621798027614]
[-1.6708397569356361, -0.24970024627644752]
[-1.0821095851762936, -0.5786750819434855]
[-0.30104892906796143, 0.0008432420216691223]
[-0.3587062782538357, -1.9986376935821561]
[-2.3225667151382785, 0.11790132353788445]
[0.5339555759902599, 0.5492645979075346]
[-0.1724866366819201, -0.8912488308243379]
[0.12134892994133026, -1.6518550344763028]
[-0.505575621736686, -0.45613083904692214]
[0.5245631893776838, 0.8627637688900627]
[-0.7648252113342576, -0.30135225207099303]
[2.494720753492114, -2.839835114246743]
[-0.7667762339857765, -0.2957658068579682]
[-0.15643571197508518, -0.3747029273277703]
[-0.1578917281939511, -0.015975005740635324]
[3.265541802674706, 0.4124987887847637]
[-0.45203906404782496, -2.4757923546919383]
[1.5672628615676694, -1.8690440851129626]
[0.20405731564162874, 1.4569938474868172]
[1.2145861057868153, 1.135904749323785]
[0.8040962663053912, -0.8507905289170157]
[1.4876081908041299, -0.5925198160051864]
[-2.128833948973842, 0.7471972986485583]
[0.1717135274511325, 0.7166947442844859]
[0.6032525773350064, 0.18725090633862523]
[-1.379312431591428, -0.1416105562451421]
[-1.5269653905680511, 0.0119551725903419]
[1.5691816248722017, 1.4446748819736843]
[0.02070356657013733, -1.4048729985656518]
[-1.6382657714765172, 0.7190549163018775]
[-0.25613417948606226, -0.3123119503962145]
[0.9227397401251504, 1.1391591722368692]
[0.348824098366589, 0.15630823017588752]
[-0.987223559141829, 0.6607806957536875]
[-0.38413194024817293, 0.35168614991339026]
[-0.9949525400025914, -1.003749970947965]
[-1.972132699906112, 2.417519708446869]
[0.3425425532763374, 1.1679927227078992]
[1.4113213175641086, -0.29046104216805646]
[0.10041138555809685, 0.627870927531486]
[0.11235578452409035, 0.6063245847251325]
[-0.7976822258510784, -0.5123994965721301]
[0.4859942473888441, 0.19731823147699112]
[-0.15944686698424565, 0.40997276659616777]
[1.3456268506103086, 0.3345019156212673]
[0.7338766798177749, -2.1394854070999467]
[0.40141355295050074, 0.7425183182219451]
[-1.303828212512955, 0.7099211242508846]
[0.6399006500919129, -0.23461408859131364]
[0.7217103274136889, -0.39377836276658584]
[0.7986362743417041, -0.06610933810973074]
[-0.01601938708182215, -0.6659672606265374]
[-0.0058667212880012636, 0.10672411536851203]
[-0.6340198358746042, -1.4074605539230032]
[0.976755281267561, 0.4225380901469618]
[0.3793307674543843, -0.9987597980516469]
[0.407923007905953, 1.6098273094841091]
[0.4592032870762676, -1.2015075912987827]
[1.615461090424013, -0.2989072299268292]
[-0.1897827070146201, -0.23983567995647292]
[-0.3135301880651452, 0.14779585974524856]
[-0.08220860492075506, 0.040957171420887915]
[0.021129549887253112, -1.7722325317935077]
[0.43307003567185415, -0.6752594911480321]
[0.3836627211281893, -1.103457554694844]
[-0.2573405703623426, -1.0138194781241936]
[-1.319938003139313, -0.10748773257241294]
[-0.03300148541715604, 0.17951570457836524]
[-0.1652369669844774, -0.6481526725886295]
[1.1596788314210635, -0.2379888107822901]
[-0.729075936791623, -1.2563186254253904]
[0.17875612343508232, 0.31576401194630754]
[-0.028564570378722256, -0.40089567610524157]
[-0.33029465403782965, -0.851618455945569]
[-1.120367904803626, -0.2625788301419543]
[1.9222199092333556, -0.1856614067881129]
[0.7116346337455435, -0.09151447537330781]
[0.675941822996418, -0.9235372339395115]
[-0.0686911199960707, 0.9927395882945671]
[0.37762565776154494, 0.9551596694186502]
[-0.08257742549410904, -1.1000327323188472]
[0.381539703250781, -0.3312271342257062]
[-1.1521609431650426, -0.8294432190595589]
[1.2373587545320155, 1.2169270390461657]
[0.5104179003682792, 0.4884716183223816]
[0.09204103375749535, -0.6782524286878908]
[-1.6113276160852175, 0.35406887255559605]
[1.8044054897319821, 0.165750511072143]
[0.5707754997139959, -0.6509984034231394]
[-0.43761719587365117, 0.496697376882618]
[-0.5085993932806254, 0.39334330967729586]
[-0.18653406628099498, -1.0334856107505248]
[-0.04640302172728713, 0.005479680546150053]
[-0.017576493168312425, 0.40195870440927295]
[-0.16871082597730305, 1.1804055421437039]
[0.7160367882740827, -1.169740230265317]
[1.076074944263139, 1.0383139577607494]
[0.338688943404692, 0.6745820123822998]
[-0.19814678319592866, -1.0315772218914767]
[-0.5447834870450757, -1.332741122564488]
[0.20228115199662172, 1.1399424984944262]
[0.4504720815591, 0.04091706020202236]
[0.7534447473368577, 0.09912965652710838]
[-0.5380410146162554, -0.4136438393728092]
[-0.6034548709610061, 0.9284276212821699]
[0.6758346056232256, 0.4671163021348302]
[1.1487670418750449, -0.2529263079501142]
[-0.7191829903705815, -0.8027215264041541]
[-0.37698023409200565, -0.2249828694857406]
[-0.13002090679729877, -0.004729680372339461]
[0.2233113668117503, 0.4440623556826203]
[-0.6646518922983468, -0.8548025517148778]
[0.2448523452755019, -0.720766013442058]
[0.8419286926676421, -0.13060964017756393]
[0.08121902417913941, 0.5403371905157177]
[-1.0534723371510535, -0.807750851007961]
[-0.4461085455197585, -1.1260629130894662]
[-0.23741781584392813, -0.35857157294115327]
[0.18969444003255198, -0.17599727295184683]
[-0.7491394853148398, -0.9100556212072713]
[-0.06014887748033092, -0.029504671416562593]
[-0.01624411919232816, -0.009625606897070482]
[0.6517863772617712, -0.2422345736894891]
[-0.581532677425279, -0.9299409164025304]
[-0.4964332793746191, -0.21773944970109266]
[0.37370185865676164, 0.38041160900737087]
[0.34433506381126366, -0.3052165811310922]
[-0.06169039429638137, -1.1066822397566471]
[0.4347911686623098, -0.8533127291595366]
[0.7047846378814279, 0.2573030443995971]
[-0.11435285501722989, -0.856511774909575]
[0.3496505357519844, -0.4746068944465215]
[-0.23624104986499994, -0.7170174452592369]
[0.9777071391931187, -0.7437680963517991]
[0.4874396821517409, 0.1819589959740193]
[0.8760820903396612, -0.5338152519916035]
[-0.2638353508648196, -0.9029068624104302]
[0.2619033415787969, -0.6908502688064949]
[0.31149577447061944, -0.040253949743665446]
[0.5841187256651572, 0.270067643255721]
[0.14545359409971836, -1.4167077826291588]
[-0.21674964523323664, -0.2787469050033443]
[0.09077466981791578, 0.5631998352189218]
[0.583212103843735, -0.6599400252015313]
[-0.4646017185407769, -0.32054394687964843]
[0.28308032400353506, -0.6686796085194365]
[-0.45580442970297874, 0.4010133971176994]
[0.7233960218428018, -0.16648748575473696]
[-0.30137628236840514, -0.3168965566008338]
[0.7628753976036683, -0.8480124843736107]
[-0.4787246360451598, 0.07719415304872686]
[0.35970640734423237, -0.3334732566688187]
[-0.7110004982234196, 0.24124405172540989]
[0.5294253556666072, 0.2667361822461849]
[-0.006782991278234177, -0.22114915972691201]
[0.4832584278269662, -0.7416024275214582]
[-0.5909021957584529, 0.216153613809494]
[-0.35617530453866636, 0.1904326280105354]
[-0.29019880416859467, -0.10238371476581531]
[0.6178693107585298, -0.311597095578275]
[-0.0699381986441931, -0.14268961045809572]
[-0.3023566225785542, -0.004779901641965002]
[-0.41225249277629983, 0.1373271340520713]
[0.06701098383020504, -0.06016157008352484]
[-0.6350494290708644, 0.11609379105564348]
[0.028373950535856285, -0.2060218876247682]
[-0.09330000166021157, 0.05706024715681608]
[0.2936665490164776, -0.022153142221155542]
[-0.5813748053578132, -0.02176959774427352]
[-0.518842700588643, -0.03406549279841303]
[-0.11758231137501891, 0.49273650624443655]
[0.09867205621382233, 0.6042841696537379]
[-0.10889795676218776, -0.2468614927157213]
[-0.3068573116377313, -0.6326919972828791]
[0.26413908300548644, 0.9355633866028434]
[0.11369861462697253, 0.1436062748743373]
[0.39715212077770506, -0.2506452529113807]
[-0.01661319964819205, -0.556385256196206]
[0.01216218311108216, -0.1603806582052712]
[0.3706144767626368, 1.1699411964071955]
[0.7071344668043507, -0.721380999697008]
[-0.8194517404849185, -0.6078009186138004]
[0.09582069768457556, 0.02752346920309396]
[0.6082889603717755, 0.4076067785780182]
[0.07865803808852444, -0.48818758298606796]
[-0.27191646185981916, -0.2917168389886115]
[0.01751779087789417, -0.46250778962969624]
[0.31476406217779074, -0.34095595249206184]
[0.6368740661751235, 0.6518869932029]
[-0.4175923007720309, -0.2348348689493919]
[-0.070669552735479, -0.6838146687200677]
[0.13847980254583137, -0.6433832918688692]
[0.8207225509591185, 0.24647118680873456]
[0.6929690383222592, -0.47204345333636083]
[0.28181313374644074, -0.28708333395910884]
[-0.29388352146388774, -0.6205901199655967]
[-0.1836366171569148, -0.27605387187002134]
[0.5794227058841602, -0.5025284939069412]
[0.2862109679666163, -1.1486676964257998]
[0.28889425390272055, -0.6768623561195855]
[0.23949742846548747, 0.19937330420733856]
[-0.07090481526627755, -0.6481967943170935]
[-0.4721168466891107, -0.12596405507534908]
[0.8049291234750215, -0.023953764538399376]
[0.13291780979245696, -0.3459742705389829]
[0.4168149587606515, -0.47029135427796803]
[-0.25469714268664856, -0.33940513884188445]
[0.019804957410113587, 0.16058886999948677]
[-0.5887563423491171, -0.4784582408765261]
[0.3030372209530594, -0.42320536593290453]
[-0.07024610501250413, -0.5967544558075412]
[-0.23951097385836942, -0.34487500743656246]
[-1.0103911575049003, 0.2955190255675051]
[0.5494905905079922, -0.9885533553669065]
[-0.30641597698574746, 0.03699142286128697]
[0.7896506068579073, -0.06353096907601448]
[-0.0201739751894832, -0.18471955690070044]
[0.9148613542640611, -0.0919070211777804]
[-0.1626834054801228, 0.09502507728102182]
[-0.39499130799710275, 0.01262730213548188]
[-0.9363787035391338, -0.23586237464248083]
[1.2415060837577778, 0.4036586983190749]
[-0.09917972497253345, -0.2951631239647593]
[-0.19792773262804342, -0.2769145103072297]
[-0.30437350664495333, 0.6655125791490617]
[0.2910158447049927, -0.14953027262694168]
[-0.3959528423051984, -0.03427351509983174]
[0.07405287188424457, 0.8408251562982795]
[0.330185162453731, -0.08109500785018829]
[0.3698653931617004, -0.5240262960112934]
[-0.21379945073171996, 0.4517620112331751]
[0.19045199161532939, -0.03026947903388947]
[-0.15996170263085524, -0.08591135693616364]
[-0.05375620104368077, 0.3959753706545778]
[-0.4115633954002355, -0.03497982441706245]
[0.26103408234863223, -0.297489188279335]
[0.416499191677397, -0.17263658011778604]
[-0.08598968884930373, -0.07865919594051804]
[-0.5338523987610782, 0.3140149795992839]
[-0.43528938954135316, -0.17046788270131266]
[0.4472750250831909, -0.17287655234260918]
[0.28072051700516004, -0.017147903698653388]
[0.26215574727559177, 0.047188022250191725]
[-0.2757538911788072, -1.0312391049279956]
[0.5542545353303756, 0.3397687882746197]
[-0.6833627033405257, 0.05045014134339652]
[-0.48339550421042177, -0.3433303465003971]
[1.0296429200411497, -0.04818743125330231]
[1.0822301281635065, -0.5150872319844956]
[-0.3858521199835995, -0.7180901034401854]
[-0.04500171376754121, 0.1650401561209137]
[-0.45439730321387495, 0.009149581144878866]
[-0.19831212581754834, -0.8317548429635988]
[0.5766923759298321, 0.1729001253669059]
[0.18224731354483142, -0.6530817166079305]
[-0.7113549288219996, -1.0983853049604204]
[-0.4234500660431603, 0.4832659823981016]
[0.15061294369412392, 0.20984560536441424]
[-0.11329387006432957, -0.8254535624893119]
[0.6067717962165092, -1.173245578329222]
[0.6233485940253443, 0.23346357229363737]
[0.024621053968757942, -0.3080309246290953]
[-0.025960525926370007, -0.4596099073757461]
[0.3138585311927583, -0.023162020667536285]
[-0.30230319220206603, -0.8704920978992204]
[0.5503475146671757, -0.11427098649473744]
[0.40433969393342284, -0.06355882749975206]
[-0.22991650975120073, -0.5086836915351418]
[-1.0634547320272818, -0.7810632043422854]
[0.5462373676805566, 0.1675982962764133]
[-0.1617129028502416, -0.10849362774077223]
[0.39748322848578005, -0.6068633504603962]
[-0.23496998533356347, -0.18527256338475348]
[0.4573880887888832, -0.04201212426075912]
[-0.1123522846622783, 0.06334889704238846]
[0.01064669016628977, -0.39048636607515863]
[-0.715816683114107, -0.21903567145540329]
[0.441481100827225, 0.0302696811628101]
[-0.22235397139467658, -0.32296806194342215]
[0.8513556331658014, -0.5987047133888806]
[0.0634269168795021, -0.0533511045615027]
[0.34351247401527935, -0.10293521465378361]
[-0.33905104867240654, 0.3436206806379143]
[0.3971523504378542, 0.17013571176337922]
[-0.7372364411561002, -0.549905361284363]
[0.6406895870566789, -0.008532721927946546]
[0.5464386966973269, 0.6257220679964882]
[0.07604769894904609, -0.2560678878464236]
[-0.9175934850382826, -0.004111201372666986]
[0.400575765397379, 0.4635287748511355]
[0.1787774208480485, -0.1324958241378112]
[0.6172656519332799, -0.4536568664563317]
[0.06914597203435117, 0.335159758813295]
[-0.6225266025536534, 0.12963665896332782]
[-0.5215374700597429, 0.19174278602532935]
[0.9853502416641011, -0.0019422669184614022]
[0.5564785540603745, -0.14228419094464548]
[-0.22774153548272058, 0.0009872337865612368]
[-0.34084202705384914, 0.14602104046975536]
[0.26844189257835105, 0.49632146012383416]
[-0.24198266606229335, -0.6802656494350309]
[-0.37655177036455273, 0.026800360957143946]
[-0.460475171244767, 0.20108775723641326]
[-0.16457251801504552, -0.30311587922970185]
[-0.2655104110024007, 0.2635210773339008]
[0.10674948594553627, -0.17870009256417108]
[0.2888995213096113, 0.2228507944881976]
[0.15048669590414246, -0.07360365711460998]
[-0.09640400062987084, -0.09933032650471534]
[0.1342766651905805, -0.046524021684191876]
[0.37859064367492096, -0.22590031044070955]
[-0.06813859783986412, -0.06310888398086786]
[-0.3828758558493591, -0.33601191987379053]
[-0.018457986218047426, -0.5454937539946173]
[0.21816816187256835, -0.17271980479102392]
[0.10582446865632213, -0.2210223339993555]
[-0.24939633335685754, -0.30100911400555785]
[0.20623698375746113, -0.25070382683477427]
[0.05210693625191286, -0.11402849293522185]
[-0.10968785675767959, 0.2961604035018158]
[0.019582586642463398, -0.5237819136582726]
[-0.28671968224617667, -0.6775506424526595]
[-0.31419324987532565, 0.2811511343791444]
[0.09018109110784273, -0.04429178500072829]
[-0.039843918338191585, -0.356627201887136]
[0.1528155702371338, -0.8560597298625023]
[0.22897109435048374, 0.5064708560275407]
[0.3867733353030928, -0.19771011881102277]
[0.17233933178649058, -0.2980361263644892]
[0.5811080014187324, -0.48351852367431786]
[0.40117322704350106, -0.5085158999652936]
[0.07847811368420571, 0.08048933758375311]
[-0.1589386896749575, -0.6450015428188288]
[0.013923716679713975, -0.3354082852267418]
[-0.36295243741202643, -0.5387050256080793]
[0.23951728772021885, 0.024490801937617632]
[-0.18227588869847183, -0.11388790114289499]
[0.30734289464256775, -0.43403334564554735]
[-0.263675554593456, -0.2506007535944719]
[0.40780963158468797, 0.16443172538849934]
[-0.009756218272119921, -0.007751395575857165]
[0.043101387593282754, -0.31569998289729184]
[-0.3731711188820834, -0.28985179407827516]
[0.155084832095354, 0.009606284367564197]
[-0.23583271245516108, 0.12480389969565549]
[0.39075639721312216, -0.33287204453797536]
[-0.2875961788022682, -0.1730225944504945]
[0.28345131764502807, -0.20566955425052763]
[-0.353836047757775, -0.16388726455727773]
[0.47102531195343206, -0.15386734744042402]
[-0.2940691390556577, -0.48032684174613105]
[0.2120963439137113, -0.01271565494513911]
[-0.05457132290160409, 0.1214220485803196]
[0.2882087786741996, -0.19849785485054638]
[-0.4017340926513282, -0.08084854990193291]
[0.42983785953916376, 0.6100173771864558]
[0.034425087670504825, -0.061607141999279046]
[0.15907748759204815, -0.32304159060982796]
[-0.5260457884207236, 0.09109343423779157]
[-0.060184213903762246, 0.08230362717999624]
[-0.3202464745733451, 0.10411514023018512]
[0.6788051119308502, -0.10538611914374316]
[0.34943777763723766, -0.037445143003170124]
[0.15872117186503304, -0.2927080051844578]
[-0.027653040898714197, 0.13529836055747443]
[0.09455050078329631, 0.6517244990285305]
[-0.21729117185958105, -0.6871454939314362]
[0.20978462665524372, -0.13880166296212254]
[0.03810972260556891, 0.2735349893240247]
[-0.16122845813614964, -0.11817754996253363]
[-0.4314989535397854, 0.11315504577435921]
[0.10803987520892776, 0.12333882721135186]
[0.06893572974523063, 0.10564212271048001]
[0.009231457884708333, 0.09473684232850167]
[-0.012549613939510217, -0.3976541806575956]
[-0.2235269081860271, -0.23917013237061874]
[-0.375954868949812, 0.1486524026611242]
[-0.18127245517059715, -0.2107149692925374]
[0.006568865490986453, -0.013625124365926142]
[0.18003287396952483, -0.37045290195481806]
[0.15243450769106448, 0.0063851725181159995]
[0.3542794726045573, -0.48928111909680305]
[0.06980614353609518, 0.3723149168532173]
[-0.07631004589335738, -0.12241151105450096]
[0.03948231061728537, -0.352656838305738]
[0.25033379344364887, -0.15283729601110924]
[-0.06209788345095165, -0.09178526718411907]
[0.10379265536079645, -0.03933954308444573]
[0.1430712430825629, -0.3299973069498647]
[-0.41526476490707315, -0.024993520299577646]
[-0.35133351726491974, -0.2925588252901642]
[0.3709578907357705, -0.5135574801451012]
[0.09752127508315474, -0.1814671128149691]
[-0.20670181811546956, 0.08458304054469759]
[-0.20888498177503279, -0.3780316390251031]
[0.5388268005987691, -0.8114622783205919]
[0.2046800764967237, -0.27407438248836347]
[-0.11948787988134199, 0.07985100080394152]
[-0.6499825689897274, -0.2539743171093223]
[0.3100296277188769, -0.4263518933790217]
[0.13910832049052724, -0.5554574332171303]
[0.5339928799801648, -0.16734981231921886]
[-0.06625673695821799, -0.08872414208924659]
[0.014752294355560889, -0.2895415337763862]
[-0.6031877211086976, -0.13565138974958413]
[0.5601618310365156, 0.5401584642809494]
[0.06502286912994885, -0.49622315019443847]
[0.06510755676034768, -0.5596105866144923]
[-0.436129285309803, 0.009240258175941957]
[0.15011526395117702, -0.02348119380073282]
[-0.4098535446651614, -0.13826774603244626]
[0.47093726941276365, -0.2550928637368584]
[-0.23334505306392966, -0.37036997648655245]
[0.3551878627495721, -0.22446001101409402]
[0.011614059514740895, 0.3264568354105107]
[0.1513254448876637, -0.12306848738094053]
[-0.5768550783701668, -0.3762318978208856]
[0.8397571073577961, 0.09795321006911424]
[0.2850739498137852, 0.18170439383906117]
[0.0321997046791508, 0.1435512764237191]
[-0.689229678818422, -0.33411438985883746]
[0.774181915447871, 0.36362973677404986]
[0.30967514179680466, -0.10426033492981081]
[-0.2788251094472978, 0.02682054570534828]
[-0.6380536217281413, -0.016998470995681365]
[0.26324231233852774, 0.44028595293902073]
[-0.1224325271632531, -0.03784184105917579]
[0.12834576488808966, -0.03939796320456171]
[-0.21383904472559914, 0.04305503987705203]
[-0.4133067640820005, -0.06206000808320351]
[-0.5386020466598297, 0.3572293465881435]
[0.27952475797605597, 0.1180743436941913]
[-0.0964733254980894, -0.2932100211868807]
[0.3804860390120136, -0.604892821727854]
[0.05576489896904875, 0.6721499449829244]
[0.08462897902115386, 0.2807878295829201]
[-0.06827160898432746, -0.15984515855955533]
[0.4531500178100065, 0.37009906912355317]
[0.45688963395748194, -0.28185936781613147]
[-0.2991562283162427, -0.0866590420361894]
[-0.6402433641658931, 0.042321993381807727]
[-0.6025848859437221, -0.056333073406152456]
[-0.2075372542327541, 0.13760018090421053]
[0.15229787519459928, -0.30012581702151814]
[0.22208772636539872, 0.00932425251169934]
[0.23527565928743305, -0.5956803791157174]
[0.29246497392767984, 0.31046232036309795]
[0.15627104094884814, 0.09733205294769662]
[0.19735681459924456, -0.4822704797994316]
[0.18963679832055189, -0.018285294682038235]
[0.07770862989872294, -0.35829379162021535]
[-0.06293810818568109, 0.18314630120878322]
[-0.3912691050702713, -0.41402355093504994]
[-0.023786865202947278, -0.3428197575591566]
[0.04304027309740175, -0.17905792934078857]
[0.05863246417349776, -0.2871110139581907]
[-0.2935651537942837, 0.046371173940451045]
[0.00037119662767821915, -0.17920471954184247]
[0.0437259972925295, -0.4725398330464013]
[0.4268320781251231, -0.38804047515368684]
[0.23754205397281422, 0.17197795636090385]
[-0.2784422411701258, -0.2513868667629716]
[-0.40402085588401504, -0.4223801906802914]
[0.4834501922576422, -0.2342126043166267]
[0.14384837836712133, 0.020847384056910036]
[-0.012854834674078771, -0.3569815315964844]
[-0.3357434358538281, -0.37966295354572194]
[0.376992379217151, 0.05907622834229201]
[-0.18676957264438626, -0.19957109254892144]
[0.48057486280651307, -0.5583740330380544]
[0.07062936718238866, -0.15686571212622902]
[0.21864257868681994, 0.001961100930923429]
[-0.6094945973516426, -0.13347891935157946]
[0.32336850972717607, 0.004559602515514169]
[-0.03282734472704883, -0.3046521639577684]
[0.4785905976815168, 0.315610910467017]
[0.036778452783777116, -0.5240541048896982]
[-0.22502552514218468, -0.2329453371868245]
[-0.7653655396103544, 0.05104041814594952]
[0.35892482232429135, 0.1285355437985526]
[-0.20692889977607448, -0.14123104188244823]
[0.10902828968053302, -0.43864767836511004]
[-0.4404574559641535, -0.03450379688031632]
[0.5097381055778697, 0.1721057458827761]
[-0.09688649361987156, -0.010445417022851834]
[-0.009795996932800526, -0.2697230526283244]
[-0.3722049263731936, -0.03929599300217666]
[0.22278613045373655, 0.21937888149228116]
[-0.36583449395932494, 0.036182848374342984]
[0.2612126336841167, -0.05392044179858847]
[-0.11217484757869897, 0.17190114996308967]
[0.38907423567515126, 0.09146835104509538]
[0.2352322689271338, 0.02224762869811356]
[-0.016044375238437724, 0.11791482009410777]
[-0.3772033294709048, -0.11503489008962564]
[0.11127790814454709, 0.19642658239419036]
[0.019819706521964974, 0.08076460767229382]
[-0.03449312725186562, 0.12533315994683075]
[-0.2702452023736411, -0.21963777490758032]
[0.08296099226123241, -0.16115236148116974]
[-0.14424589190313755, 0.1361335984774019]
[0.10359159364878355, 0.2523482629709727]
[-0.09390564498157974, -0.186949899519343]
[0.05030390862171147, -0.3032753382127455]
[-0.02987471113918335, 0.2539037762448737]
[-0.07683146667225452, 0.18310692515828056]
[-0.23469203349235448, -0.1777586700961702]
[0.030632149605557428, -0.08190812149759023]
[0.12605903165861462, 0.15488440174458024]
[0.07452404928484929, -0.2660510572406994]
[-0.12030589092703911, 0.01666398055669377]
[-0.4160995050538426, -0.3797350217360499]
[-0.21748528743273352, 0.10399801932635525]
[0.5035879406149392, 0.06795954622346127]
[0.29343698260732376, -0.3097571388870638]
[-0.03265959750328051, -0.3667709077929774]
[-0.08177011390006778, 0.11604069657974414]
[0.25990543461242627, -0.12642108204842653]
[-0.07446433123660294, -0.1444136919216999]
[0.0051635647920795745, -0.014310946965080347]
[-0.21725911183030264, -0.45232080210481823]
[0.32260979894713565, -0.22526589720159107]
[0.1487723246515923, 0.15529262531762614]
[-0.2447638037610795, -0.3187226981083923]
[-0.14904879660056716, -0.2617370552034578]
[0.3641701472238525, -0.013320987973744244]
[-0.13260726653599525, -0.30183944882660957]
[-0.02114219822751799, -0.04004879358368869]
[0.14649188037185887, -0.29725682086181426]
[0.3065893875132916, -0.11412481428081098]
[-0.33038192361926805, -0.16496270538621002]
[-0.1310333621599165, 0.05015051281451045]
[-0.5321724275443315, -0.3950888599021441]
[0.1596728616049478, -0.2852649537269076]
[-0.1717968150558775, 0.03892024478530696]
[0.19025268475049867, -0.49884886391354444]
[-0.47134209331316945, -0.0067243611288938625]
[0.38949341287001943, -0.18436616614934068]
[-0.046228659458950994, 0.2101940562285071]
[0.416210325334103, 0.1407650693339669]
[0.11846793584097834, -0.6742494173945431]
[0.19795110514384343, 0.023757169437627196]
[-0.2982491051130586, -0.051755068315205974]
[-0.0030180587901540434, 0.337475102969381]
[-0.4581934923848143, -0.2993578387571023]
[0.22405917636654502, -0.29258972940907835]
[-0.2693370278986551, 0.0495172154755554]
[0.31357495967975446, -0.017897375104682655]
[-0.23640862202527083, -0.01401445598915823]
[0.2871222727929142, 0.09639721822866708]
[-0.2254474447686599, -0.009445871426168654]
[0.2960536244378003, -0.11731148494102643]
[-0.24806573778116223, -0.04381659187499736]
[-0.16468909276659102, 0.3654282714176421]
[-0.5737956640099106, -0.043530261004123175]
[0.30978349015717443, -0.5203351735703483]
[-0.12728866115061627, 0.40866440443803287]
[0.11114997455274317, 0.4936978111295001]
[-0.1908877193637376, -0.18569656347473376]
[0.3783097266650043, -0.44085247200079847]
[0.020549946985583333, 0.2491605083133025]
[-0.20914173524094376, 0.2276033574324992]
[-0.3347672621881378, -0.11972656825002803]
[0.19094082019379854, 0.08563327373204944]
[-0.023302301382253747, -0.09305718060601262]
[-0.22866875552987323, -0.16956416580966957]
[-0.2537322733808081, 0.19544746376068603]
[-0.09394834901191602, -0.08083381805944578]
[-0.5353933941608203, 0.06793644187988657]
[0.13661226161192977, 0.22278639902225067]
[0.2539991524118353, 0.02481205777041068]
[0.28488010389988244, -0.6063900500565909]
[-0.07157008887131489, 0.5077270834781863]
[0.13663488105224497, 0.4966912349071308]
[0.17705084735594237, -0.4272052206719397]
[0.09781105070297219, 0.1362829963243829]
[-0.016618159703959866, -0.2317079229718333]
[-0.1260200019957939, -0.06700453387507004]
[0.0224461413826044, -0.13121988654792846]
[-0.37470360662936564, 0.20271685520411828]
[-0.5797421455167174, -0.5823833654485403]
[0.2222375981068702, -0.371943244676156]
[0.2803950647693797, 0.2063903393016328]
[-0.308974981837055, -0.16628203399752617]
[-0.5534040670152747, -0.1023215807636874]
[0.3308731558688491, 0.11983547102935246]
[0.229393172670612, -0.21262074733109332]
[0.04222967735423043, -0.36591732990927134]
[-0.15103680281919896, 0.1720240526411688]
[-0.012512187901548844, 0.05794906388015602]
[-0.110215499442442, -0.4096809905932371]
[0.3553705397387896, 0.04585511015160103]
[0.13034804787423246, -0.22000504273866409]
[-0.34646912723288664, -0.5187257607712955]
[-0.30207169209642765, 0.0786769827352464]
[0.440518060886458, 0.08514812101174407]
[-0.013074670702311917, -0.5182864528449344]
[0.04306622971937965, -0.5497045608011107]
[-0.18684645831803026, 0.19769970588778235]
[0.25769627592892697, -0.07852812989653135]
[-0.19148602926376906, -0.3515605072740298]
[0.5142535162238749, -0.13936285000715884]
[0.011916601017175829, -0.20675077002193948]
[0.10448848584982635, -0.07440197566428902]
[-0.2830409680303418, -0.08171937322447345]
[0.3920531391791918, 0.07498151530100955]
[-0.14187893012069133, -0.33395196247870645]
[-0.018510647225837087, 0.2771707867112968]
[-0.4292071469488885, -0.22879877797249587]
[-0.13149201240556674, -0.4969448868411023]
[-0.4505663910452537, 0.15991068827308402]
[0.2590958267188147, 0.0719699560023286]
[-0.13427928280696966, 0.0008483018509174677]
[0.275409945634463, -0.44463120762265607]
[-0.3026206972306305, 0.2828467251119868]
[0.33188590701411813, 0.3205275381357405]
[-0.13403716059063958, -0.287421922581047]
[0.2554398618166858, -0.003875195471859383]
[-0.3826215321644671, -0.11219787402198544]
[-0.07939637658802784, -0.09299113028336253]
[-0.42496571319117094, 0.19687382989801072]
[0.31010946041618237, 0.052652930422390214]
[-0.18021913235291015, -0.05011421966367022]
[0.2389872199140972, 0.12673541510717162]
[-0.06659332209483924, 0.16664083308043434]
[-0.2714950911187154, 0.06941954996194584]
[-0.5141533336536669, -0.1632987825939117]
[0.37998378078936124, 0.2726152728300535]
[-0.010926427311600585, 0.06246336051759957]
[0.010372509207866035, -0.28187992477157786]
[-0.23415366509525806, 0.28856919265873693]
[-0.09135699647389606, 0.07360615132330414]
[-0.03121070705537937, -0.009443863039964764]
[0.5013983058858181, 0.08831092898228153]
[-0.03348318950921046, -0.18145734868210361]
[-0.23545975358106316, -0.007560119232639283]
[-0.13833329741646255, 0.18564657280390554]
[0.06819891097939074, -0.018015739591646124]
[-0.25383291789248635, -0.11974066492436433]
[0.04423017745674489, 0.22780873960055448]
[0.08635430587818316, 0.01846648306651466]
[0.1270235781544382, 0.028928015422265183]
[-0.07617358265177805, -0.12064124586609361]
[-0.12934561035510006, -0.2369001091102407]
[-0.017693010592155098, 0.16427233220053836]
[0.03920129658539241, 0.020515461945211862]
[-0.09604361396965375, -0.2750881429284189]
[0.025158901307074426, -0.21706296440880485]
[-0.0073381105489621, -0.07608711283754802]
[0.13461020784744424, 0.048257807958808574]
[-0.17554682518987708, -0.24196861606966732]
[-0.10445118611527268, -0.0681093876325406]
[0.01488868211119974, -0.16667824422293523]
[-0.013671840436516345, -0.37441472301998624]
[-0.38862058723273857, 0.0042466711848323825]
[0.10454243857604911, -0.11900726446204533]
[0.06433153340583554, -0.011548955485193253]
[-0.03586049630545336, 0.016814408836150263]
[-0.1560903514414387, -0.30428053843522723]
[0.22455947370064658, -0.39682611310708443]
[-0.009783390426467545, 0.08691287445103572]
[-0.2492737460040082, -0.20147148512860952]
[-0.4342688337813995, -0.24010249600867356]
[0.14256401861347567, -0.2522768258376126]
[-0.13563129777634603, -0.10824353632486866]
[0.610342237404475, -0.28324398427365255]
[0.04264098343155144, 0.04384838366253421]
[0.09387515525967309, -0.3061442314940274]
[-0.23214844856322342, 0.08407063669085568]
[0.29340630660410927, 0.46914640029820637]
[-0.30838512640180116, -0.6276110151132184]
[0.39184239431790274, -0.06502619382227473]
[-0.06712395340334591, -0.12095211285962254]
[-0.1400563585660329, -0.22359276986718157]
[-0.48559051931958147, 0.10644064252573975]
[0.0017986299045238234, -0.010860139458445123]
[-0.4541361104267945, -0.13984429351098637]
[0.6327798054408409, 0.031210122009802076]
[0.3933797807192355, 0.17730835701793846]
[-0.2060166538071024, -0.1768704239392963]
[-0.5498650878530156, -0.13948299945039908]
[0.09543359759073962, 0.3781285434530912]
[-0.4115464221646746, -0.2421090224952519]
[0.569993554002485, -0.1698974372154545]
[0.0810046972683053, 0.16605394991581424]
[-0.400810132618777, 0.05740511952427742]
[-0.8159874060374068, 0.21308630651981125]
[0.4221083828500067, 0.20675229958828412]
[0.08435553863181093, -0.24547901501007718]
[-0.10995931763600739, -0.03862315505093518]
[-0.2503969364811066, 0.2527779728605639]
[0.05167213473562793, -0.12279242593429696]
[-0.46712761423710336, 0.16735418607031421]
[0.2111036216427156, -0.006014223751768289]
[0.2063657548723068, 0.31875480754890057]
[-0.007923988152284716, 0.18715783417764295]
[-0.1712539652828253, -0.22638074634459987]
[0.2416754416854183, 0.07986390504816583]
[0.21378672684681407, 0.2713048736196951]
[-0.08347701082271128, -0.44728436699354157]
[-0.3897788713424945, 0.18064808266620813]
[0.12368166379982486, 0.34683135572910545]
[0.014058008516646143, -0.13455098137318]
[0.38410621455399624, -0.01698870055413206]
[0.37789843655609273, -0.05944140386934768]
[-0.13537985140157155, 0.12409297836306596]
[-0.22778423684427995, -0.029038121723477597]
[-0.2808754458685351, 0.3432474940594912]
[-0.47132571813189017, -0.494163484052435]
[0.07740779757984018, -0.2358774365562867]
[0.15668761436440196, 0.35571547869463366]
[-0.3221153124357958, -0.1283718436745903]
[-0.5818839670287909, -0.10896458965217883]
[0.05058540894712289, -0.1282311820363395]
[0.07687318824162614, -0.07291509444595422]
[-0.21468996659587342, -0.4730780806505785]
[-0.2855957638321432, 0.14362134277982408]
[0.10742393320920113, 0.10645834719877767]
[-0.06788893535373144, -0.2895748043422435]
[0.14875904405132473, -0.5335700860182099]
[-0.05860345558053444, 0.36161067601701424]
[0.26351430804754067, -0.13010043687891343]
[0.017767131825115648, -0.06791891883906233]
[0.0843973132176733, 0.1663262855134781]
[-0.09569272540705669, -0.4054531726490945]
[0.28227111182186154, -0.3180653652755116]
[0.06798803112270149, 0.015740798757745488]
[-0.1672512814277805, 0.009773985870091019]
[-0.4832530934338062, -0.31221854678890776]
[0.1381745356324566, -0.01848239213842588]
[-0.049920470615585355, -0.30010556736404526]
[0.17108670112186833, -0.4360435292471839]
[-0.2911367978688051, 0.29839352051780926]
[0.14206439588731773, 0.02861412988954967]
[-0.24310846432436528, -0.34913308763432055]
[0.19348795050034726, -0.014551858685918115]
[-0.2204017444325277, -0.05998066195069431]
[0.1618710133231473, -0.2132593814129773]
[-0.14823180795541951, 0.06402118003310199]
[0.15624765958600906, 0.32161390676026114]
[-0.3759386058083871, -0.28976729550258196]
[0.002752612402495247, -0.5559849863278443]
[-0.3173525145518942, 0.3013656113946865]
[0.11283752423030137, 0.400871611136147]
[-0.1500540402041299, -0.32442357855852927]
[0.16730353455641261, -0.4363786254418709]
[-0.1450978679413534, 0.18499035226411556]
[0.20502580549037336, -0.06330134493527438]
[-0.3065133954703447, 0.23749612870180878]
[0.1891431602991446, 0.3394048390664356]
[-0.19325612760986668, -0.40537187709938965]
[0.495798596593627, -0.08743548367873767]
[-0.01552505987631048, 0.38211960947837686]
[-0.3536729305758547, -0.09028852455042038]
[-0.7147216844910593, 0.014121684310159924]
[0.37166130616663207, 0.24189839497914273]
[0.12350605154657648, 0.06196617175143166]
[-0.012545153543635994, -0.12516510283141608]
[-0.24357239331574015, 0.15325981666628044]
[0.29004966448369607, 0.022094103087391983]
[0.23167668531390395, 0.1052100928338837]
[-0.28824250612121044, 0.24845186311992984]
[-0.5309879100484612, -0.2685561686646534]
[-0.052774884630344666, 0.11777104589371812]
[-0.08516114231668258, 0.10169567130885077]
[0.24161538274859196, -0.36028418357547626]
[0.041771858437744294, 0.2040963304817606]
[-0.18492652157087286, 0.08605769041529072]
[-0.39943723222388283, 0.06086703339059804]
[0.40634705228286544, 0.08037443820794335]
[0.1698736531606418, -0.03263070730416149]
[0.05193172991063187, 0.3327158886805505]
[-0.035086313917234886, -0.13478366439208975]
[-0.2469546174909523, -0.06277430447979004]
[-0.30107919452328313, -0.007109003765242285]
[-0.21620394459614567, 0.014253842091492601]
[-0.31218980681186986, 0.07702409952491512]
[-0.16638680918973836, 0.05185535193630769]
[-0.26539247576265607, -0.12113378923458015]
[0.1876275992686568, -0.4861740388245094]
[0.22352546240623125, 0.38987262983448623]
[-0.26323520089653535, -0.4147048093392337]
[-0.4812175022676645, 0.10256647639912843]
[0.21727332281939718, 0.3489639312798278]
[0.0763549005771672, -0.4109810170020035]
[0.3548841588862455, -0.6535060667431825]
[0.0948740351591747, 0.4164862202582983]
[-0.1327536598471852, 0.002744387562607052]
[-0.2685732107368548, -0.13308494070169202]
[0.3050183173265234, 0.14828804693188904]
[0.026873688859196197, -0.14191674249689745]
[0.14743411797810033, -0.2913523185306227]
[0.028901970538286373, 0.05754802053185296]
[0.1358413798551502, 0.023944667104949094]
[-0.17379243133259448, -0.21383581667281384]
[0.027954198392819058, -0.02299225591086415]
[-0.0783042735630861, -0.2375150962782143]
[0.0012984718254726822, -0.08096963439307463]
[-0.31625477079587655, -0.2268395193110478]
[-0.06521063058827474, -0.09721288867189412]
[-0.3753096911452085, -0.12515249722896668]
[0.11451380803460433, -0.4152391146664927]
[-0.3127740094584403, 0.22057969384975593]
[0.04628344912186517, -0.3702494907702257]
[-0.3810560871788101, 0.24588965730494333]
[0.47434096775229195, 0.4749180765409171]
[-0.009112611359758667, -0.4117098516036775]
[0.26845903811115596, -0.6981073528126802]
[0.05051919498945991, 0.38462255837427783]
[-0.13698178426741142, 0.3292704990194184]
[-0.6533217143156506, -0.1813259285613914]
[0.4062965862986815, 0.237300390393746]
[0.1774320697533134, -0.3112946746679351]
[0.08649004635204814, -0.2907656204499982]
[-0.36070983785832744, 0.38698961004479226]
[-0.0628955294214299, 0.17848135549447328]
[-0.45094500450059133, -0.19804613840724491]
[0.3278462440987849, 0.02389472616326692]
[0.014785755327453853, 0.1153638067840167]
[0.11697920601913679, -0.2625737431722331]
[-0.27316075251033495, 0.3335046920969315]
[0.40751142403722773, 0.548191929627282]
[0.1925634717899043, -0.36249788060291216]
[-0.23498102301423499, -0.2783549642859043]
[-0.5165027921409772, 0.2659259912254054]
[-0.04913158154547556, 0.5528286698502373]
[-0.2093271622144667, -0.2855879626117868]
[-0.1006999179531099, -0.25834802830600934]
[-0.3059482396423706, 0.17869312035754614]
[-0.060742455975566934, -0.1380098461481539]
[-0.1828582308175009, 0.3571525702813567]
[-0.0835533257047591, -0.11015735971371392]
[-0.19897008427436158, 0.19641797808002545]
[0.14387272005000748, -0.09516237419740983]
[0.11531784988103723, 0.12397642471350637]
[0.11080940974943806, 0.03638044854287439]
[-0.06666315646931288, -0.00044117707397027875]
[0.17696465043210427, -0.11555924381897918]
[0.03247721175314415, 0.2969455510492498]
[-0.2257620763913863, 0.2612138221465764]
[-0.3010233006088018, -0.3104239459949365]
[0.16497115813337013, -0.3282834251103058]
[0.24686505729070593, 0.4709649285599753]
[0.04390345874202607, 0.16606015889141962]
[0.019420449867319025, -0.3358499347005859]
[-0.08642060823197067, -0.04292863830880544]
[-0.24840502911855106, -0.06868205882402227]
[-0.008140117433094098, 0.0015429195049901923]
[-0.18125506242313272, -0.16342085054436414]
[-0.4265791848971415, -0.036932436247140266]
[-0.33848980291774833, -0.020399982103846994]
[0.3502610370444786, -0.49613972205797513]
[0.022747681164236186, 0.24200460301315976]
[-0.21166736555659477, -0.2293932076145862]
[-0.2184263641216895, 0.12104636459300122]
[0.46318824440179884, 0.1830214533076251]
[0.1609303270367003, -0.32304683727407585]
[-0.07002492330255697, -0.4564615591902694]
[-0.14444608025502653, 0.3852966232558488]
[0.12164963810409436, 0.18527141546516895]
[-0.18881526512837524, -0.4664579834689411]
[0.05897687415139363, -0.08336262265237361]
[-0.15907936951010482, -0.23955952022559074]
[0.109400525218591, -0.4059754934648818]
[-0.3647154279714461, 0.25922054357959046]
[-0.09802931827578822, 0.10407501293183884]
[-0.3893779726733022, -0.3379316847534943]
[0.5345851569406013, -0.4137947245035772]
[0.02967396209759981, 0.27393461470038427]
[0.0875955976627244, -0.17174175870626038]
[-0.09471826443723175, 0.03750982610076354]
[0.14767779896489594, 0.09615824380254509]
[-0.39729071009848743, -0.09266410533344573]
[0.5125936400271103, 0.04966427600994891]
[0.13556014992870336, -0.022889739646328486]
[0.0504695148646115, -0.028481662075673552]
[-0.3120288259220363, 0.11675894357700038]
[0.09627731855618471, 0.3955695175504246]
[-0.19918938611598055, -0.46169088013627285]
[0.007741981822901013, -0.27382036618494227]
[-0.3905009202787777, 0.2702935895793799]
[-0.08033288156272182, 0.03853299576580227]
[-0.37553880907419007, -0.0712184519031858]
[0.25714308441737305, -0.002474398414019186]
[-0.186507031198861, 0.21551028458503613]
